AvgDis: 2.026296
r: 0.110519
